102244
102268
102267
102272
102257
102321
102316
102295
102326
102250
102340
102288
102289
102251
102246
102323
102276
102273
102266
102264
102256
102308
102290
102286
102283
102280
102313
102311
102310
102309
102320
102318
102314
102162
102263
102254
102253
102278
102247
102270
102269
102279
102277
102255
102259
102261
102252
102249
102239
102248
102293
102275
102315
102260
102301
102322
102312
102305
102274
102281
102245
102240
102237
102238
102232
102306
102307
102180
101552
101554
101556
101553
102284
102304
224453
102298
102302
102262
102183
102344
102292
102282
102285
102317
102265
102324
102325
102319
102337
102332
102333
102341
179418
102347
102300
102343
102231
221955
221918
229340
217711
229349
224437
224406
224400
219797
219801
226370
226349
219812
221260
217801
224448
224457
224427
224408
224420
229231
221068
226355
226359
226374
226311
229228
221067
229232
229230
223970
221307
220574
228191
223969
226344
216378
229685
225237
228157
229754
221758
217716
229765
225195
221691
221073
221687
225248
217718
217849
221454
225270
228183
221718
229752
225272
221451
228108
229747
221685
221733
221750
229162
225234
229159
225198
225265
221709
225278
225263
229753
221471
221472
228116
219415
229778
228188
228189
224412
228279
221280
219420
221908
221909
221086
221076
224405
224404
221358
221301
219822
221279
229746
221681
223709
221331
225268
221074
221316
217705
219814
221578
221463
217683
221577
229750
221261
224395
225267
225210
218089
221580
223700
221468
221333
225220
221334
221469
102437
102415
218566
225238
229154
229153
221474
221359
225277
225275
221071
228114
225251
228146
225247
228155
216385
225243
225205
229751
229749
221470
102412
102411
225236
224466
225260
228259
225276
225269
229137
225192
225316
228112
228161
229161
225256
221452
229127
221317
216636
207443
207435
218658
218668
223608
216646
216957
220080
220053
216954
220054
213257
216670
220101
216643
221252
220102
220068
220086
218611
220088
218460
218663
218878
220060
220079
216889
220103
220104
220090
220097
221234
218666
220069
218741
218462
216639
216968
216958
218600
220081
220058
220114
220066
216659
220057
223613
218459
216982
221244
216711
220117
216652
216645
218464
220071
220059
218603
223616
218660
218665
220116
218610
216644
218612
220107
216949
220077
220063
220084
216642
213062
220082
220067
221236
220108
216633
220128
218670
218661
223609
216631
218671
223605
218599
213046
220551
220568
218762
213936
220075
213365
213841
213819
213405
213379
213359
216640
213356
218758
213364
213351
221249
213410
213391
221292
213387
216719
220050
223603
213352
213380
218756
213372
221254
213402
216920
221243
218467
221241
223602
220099
221233
213368
218674
213355
221245
221239
218760
213272
216947
220586
102068
218662
213142
221235
220100
221262
221265
220070
220064
216899
221238
102258
102303
213109
218770
213245
221263
218672
216919
221295
220085
221247
221288
216900
213079
220581
101434
213135
218667
221255
220112
220119
220111
216967
221264
220093
220065
220115
101863
101155
101284
101337
102050
102060
102093
101717
101054
199621
100292
101144
101775
101810
101123
101721
101158
191363
199839
102073
102091
102089
101300
101339
101227
101224
101223
101228
101258
101244
101225
101218
101248
101247
101214
101249
216922
213137
213213
213258
213139
102086
102081
216894
216683
213231
216666
216946
102082
213266
216653
213216
213217
101713
101246
101833
101215
100195
101041
101022
101117
101036
101072
213208
213215
101226
213143
101693
101038
101039
101805
101689
101671
101255
101230
101285
101809
101705
101193
101287
101299
101282
101283
177338
101208
102084
102085
213037
213029
101209
101286
101222
100990
101229
100174
101212
101213
101289
101519
101210
101291
101293
101089
101297
101252
101040
101011
101254
101281
101288
101719
101279
101439
102405
102400
102399
102389
102401
102403
102404
102407
102406
102368
102419
102363
102374
102435
102429
102422
102421
102397
102396
102381
102398
102391
102395
102394
102393
102392
102382
102402
102366
102365
102367
102359
102362
102361
102375
102409
102360
102358
102348
102408
102356
102355
102354
102357
102349
102353
102352
102351
102350
102416
102371
102370
102383
102380
102379
102378
102376
102364
102390
102426
102420
102430
102427
102410
102417
102436
102433
102424
102418
102414
102413
102434
102431
101955
101893
101881
101882
101879
101880
101878
101884
101883
101886
101885
101887
101892
101891
101890
101889
101888
101894
101958
101908
101896
101895
101907
101906
101905
101904
101903
101901
101902
101900
101897
101899
101898
102471
102470
102473
102472
102451
102454
102453
102452
102457
102456
102455
102462
102461
102458
102485
102475
102474
102477
102476
102480
102479
102482
102481
102484
102483
102459
102463
102460
102478
102442
102441
102440
102444
102443
102447
102446
102445
102450
102449
102448
102466
102465
102464
102469
102468
102467
102423
102425
102439
221476
102432
102428
102438
